0.6855831911046821
0.6046902296772922
0.559667924800551
0.552951087793672
0.4871975621545171
0.42277393768350763
0.3705738425613886
0.34023384040737725
0.3909827164677252
0.3132571251277464
0.29936498484338625
0.27435124530849686
0.2506655250866729
0.23961997862501316
0.24617477739790836
0.24186032310307745
0.22583861236112662
0.2303854809647583
0.22775285466607795
0.22914175024951797
0.23201289723616048
0.22122818182211323
0.22057643110852643
0.2224416518247271
0.22263260607618884
0.21378116978399725
0.2140144886650953
0.21336298220487962
0.20755720286663756
0.20648541409208113
0.22176331986325332
0.2111554173191628
0.2038615802415164
0.20475796874926752
0.20579919407525696
0.19980166089462947
0.1978412651153932
0.2012260994279241
0.206460223858615
0.20747538494417467
0.19589199220021086
0.19919681890183186
0.19980928149208965
0.20069554493010763
0.1976557195366147
0.19175846205956965
0.19458129503820315
0.18802950122808837
0.20339545441499676
0.20190433493579726
0.19394153612385312
0.19216664700982083
0.19320187636886735
0.19544004361672573
0.18718055478600135
0.19251841625355812
0.18771198988858476
0.18807416521461615
0.18852705710444106
0.18824035256921526
0.19155240005039306
0.18325352175049034
0.18498336689838443
0.18580674442900233
0.19434166569487157
0.1832560924700944
0.18050418803131724
0.1830928425742201
0.18046468653413186
0.17960119224995016
0.18554779317185102
0.18894750485757747
0.18466091559953
0.184804055839777
0.17826524076152997
0.18083283197448916
0.17970971229026117
0.17562389301966472
0.1796296290514699
0.17656672207346882
0.17679079532264227
0.18412714361785407
0.17785851365650993
0.17855150598179864
0.18012492623494333
0.17795674610568815
0.17697654879954924
0.1755725217152791
0.17455500781715635
0.17737028002738953
0.17806424240929536
0.1747924099306026
0.1744939180382763
0.17381287119295225
0.17755214852022838
0.17477346768221222
0.1720318300088486
0.16945724575275398
0.17144634359213243
0.171423628477447
0.17731359695275145
0.16327291017914392
0.1684158722679299
0.1690804634288133
0.1720790928117482
0.17252633110227356
0.1706508764301438
0.1706757211990385
0.16932584744799567
0.17421619576143932
0.16877205135772028
0.17101482346833471
0.16576217716357794
0.1655423012842615
0.17009700471198702
0.17127034490007953
0.17410116665155054
0.16402397340679742
0.1712575800357813
0.1702950205878321
0.16413931777498808
0.17342131261725025
0.1636982747319951
0.16897338067731224
0.16356846115675316
0.16574008621454958
0.17247684977679367
0.17022462265498667
0.16106071920100465
0.16160307290503778
0.16496487908873214
0.16731837369411826
0.1646746722420296
0.1647561693855797
0.16744513544871145
0.1664151071335178
0.16158788525555506
0.17048431977809195
0.16142732865480056
0.1612256548580635
0.16531202421489968
0.16254697237388196
0.16317904619387832
0.16266171028276524
0.1620990821575544
0.1667670830186591
0.16000927405723606
0.15846493131065942
0.16428588384605317
0.1615012819059642
0.1600351399147367
0.16303189677825894
0.16123641937612052
0.16165294785456485
0.16226811496069632
0.15970297323831592
0.1626921703657472
0.15956832778202482
0.15827069875885205
0.16092485418341246
0.15831931348306588
0.1634779548250049
0.15812955531908804
0.1614849188600678
0.16171401047922043
0.15983254116881324
0.15566154793802514
0.16379273669367814
0.15829030460262872
0.15846572071313858
0.15775871662849403
0.15107532779136337
0.153663511197251
0.15717527894190994
0.15830220362867217
0.15693980967064938
0.15426471187587243
0.15550442497773342
0.15813773246594223
0.15092494015593128
0.15800596760159516
0.15166944539151997
0.15495724899761648
0.15795203186122767
0.15614967900945478
0.15250510002026357
0.15358866526778922
0.15473351838538446
0.15717349556016635
0.1569917326321803
0.15487809753023
0.15348944314811602
0.1550089493393898
0.15385625479989742
0.15820778156799006
0.15384478911937002
0.16088188197239336
0.15361187014594135
0.15560576710176754
0.15245769338974033
0.15030533201005086
0.1572845114103283
0.15595788302191768
0.1510160976953535
0.15762644656092287
0.14929789129689516
0.14829243540045728
0.15450891107320786
0.14920682980712638
0.15289903813636446
0.1501983082797154
0.15658058033111583
0.1494496188698763
0.15577001726052847
0.16247461179652847
0.1552790982805821
0.15224040290677404
0.14962359504347825
0.15123641706374755
0.14832164688282704
0.15076413741671896
0.14999275928340763
0.148458021995892
0.16051888205559858
0.15540839807994394
0.14989378262894698
0.14992679956268115
0.1542788900614503
0.14844191586037717
0.1471373307327908
0.15244146975049053
0.14687019003083907
0.14809022179569106
0.14849892568336912
0.14720578666731535
0.1495527454977294
0.14917871468217977
0.14816123009266624
0.1501845401902515
0.14704342289681893
0.15453515076134577
0.14656101225549917
0.14665565339018063
0.14850854164505578
0.1477170490536345
0.14587297725928836
0.14528269464352045
0.15283850872193475
0.1513150729328753
0.14673001018453793
0.1471240974244583
0.1446853888232306
0.14953811031328626
0.14503472334290124
0.15107673011630415
0.1457795084689755
0.14245551716850466
0.1476919803184917
0.1455487907381661
0.14738120614405137
0.15049025147076112
0.14763632977762856
0.14532896876335144
0.14346915586705666
0.14780833976096416
0.14690890055463976
0.1451307188674628
0.1424590745963246
0.14582194199404083
0.15162433840962777
0.14441561438592085
0.14162943862288832
0.14464777865144143
0.14743143418826252
0.14537387188658657
0.14508606866002083
0.14088360166334243
0.14187233930969811
0.14538412904703474
0.14723235772675777
0.14330564964428005
0.1436590093625597
0.14604925350791
0.14297123316181712
0.14237085886927972
0.14218645515930223
0.14367624726819705
0.1419445672352989
0.14320302875824722
0.14163199381296893
0.14723988164620228
0.14309614416526026
0.1419507995786437
0.14055553702525345
0.14066314643406005
0.1423908893063844
0.1459792911198484
0.14450825135930476
0.1457176869174084
0.14112691495971508
0.14145379096090074
0.14219490025775977
0.14204885397689887
0.14257207557738547
0.14102876437715736
0.13912685269332795
0.14236452053469348
0.14441633359136352
0.14237473994852548
0.14451129676168223
0.14205510887395906
0.13895827563232685
0.13806206504084978
0.14165244422045098
0.14506736334907003
0.14402314293456364
0.14189559746398983
0.13738391938877392
0.13893769919333687
0.13874259092901126
0.14221849431654057
0.14348185147686177
0.13675613544252982
0.1390714096915291
0.13648901035986752
0.1354647102844284
0.14182521972850146
0.1384460056223065
0.13942245456827693
0.13814672585352358
0.13636079731296344
0.13615117576646518
0.13811854493007603
0.13789954597511925
0.13721669819879245
0.13615083977221007
0.1367469881044095
0.1399753763374076
0.13327927214194493
0.1382099320461233
0.1357070359749248
0.13999961751950793
0.14003702446100225
0.1404757100235985
0.13290422499538904
0.13696857546287847
0.1367484766047403
0.14189809493451233
0.139875220651009
0.13429427943585148
0.1327649184379233
0.1367585049066917
0.13909826912434706
0.13872399167662644
0.1351153604147664
0.13282631387013988
0.1364965095936534
0.13543178509157824
0.13437573661107616
0.13787562332778092
0.13468173994536858
0.13566122262413244
0.13449552866170206
0.13593838090099483
0.13099397920879974
0.1350181677704116
0.13992688782423376
0.1385635514575315
0.13727494620953698
0.1340495891061174
0.1341217408427991
0.13446822385471988
0.13244307786226273
0.13256336806947927
0.13116436204816923
0.13436705735792598
0.13369201630892524
0.13333706243569593
0.1348194537841412
0.1324553026043507
0.13374577543462615
0.13434378223785434
0.131341238292944
0.13083322979061
0.13171336059290242
0.13245901083910322
0.1357556907347886
0.1303364817636559
0.13605813022298985
0.13365900839667721
0.13076122544975166
0.129686348993017
0.13195034910935954
0.1333111882748374
0.13251702047615166
0.13115865200847746
0.1339744321822402
0.1318978273635169
0.131771275885852
0.13092525981097336
0.13272710835718246
0.1273839889116675
0.13019009167889514
0.13124560048601713
0.1351659699197275
0.1297132736857397
0.12828507076903997
0.13395555591188282
0.13228830120649682
0.1312972427042852
0.1331840811454388
0.12960311532559166
0.12530886570373215
0.12701592477689305
0.12852227773113423
0.13496820853058114
0.12623341754078865
0.12923856499234596
0.1328834783151207
0.12813770587006248
0.13235510809414358
0.1296597148729376
0.12892225200691856
0.13068669832434998
0.12811209256929088
0.12807367912617074
0.12944046295730463
0.13180781216416732
0.1315862421529839
0.12742370389491678
0.12957663299987116
0.13181966386107077
0.12681611600410508
0.12813143968492388
0.13151816983359405
0.13138830096247683
0.12681156001895308
0.13155525707336793
0.12615873938403935
0.12847305870199777
0.128050073711987
0.12768583017659474
0.12884065468447753
0.12782993410007062
0.12816754966435662
0.12479333458356111
0.1289154569427651
0.12611744552850723
0.12607061831527447
0.12869702683514858
0.1294862354645528
0.1252411069370896
0.12709628503365689
0.12655831801604076
0.1280499038297728
0.12659813869879188
0.12594049895204693
0.12661299549312477
0.12373638727578772
0.12829650224870945
0.1265919557267643
0.12702370987060557
0.12761033016694598
0.12735980825431376
0.12665226597742862
0.1273136335054794
0.1275939106806574
0.1282474401305957
0.1252679369715323
0.12397138343518038
0.12733225838606615
0.12833150521100287
0.12429193288357143
0.12555291894150067
0.12730435753263622
0.1262672316866467
0.12615123795098568
0.12705366071089205
0.12947396269763808
0.12287939519408238
0.12661420998264508
0.12591431298887873
0.12179812999913492
0.12311530768512244
0.12686622311103057
0.12445882447512753
0.12453063330556972
0.12434800997017378
0.12306482470538242
0.12173059834055154
0.12164300276213381
0.1251758867986949
0.12479856174932905
0.12242436880268247
0.1238945125635848
0.12400122736412358
0.125409007880343
0.12247800638517702
0.12327380020575351
0.12138415316501296
0.12104195625667112
0.12338577085230724
0.12515426000737281
0.11708245756306562
0.12175193148474377
0.12137121711689305
0.1191480875643621
0.11993621823837958
0.1246052642902696
0.12105823245393224
0.12233414025191801
0.1232163495417819
0.1197457971522607
0.12187294823577605
0.1196726393179003
0.1200641668794385
0.12048249144151986
0.12321615546762225
0.11920034279485783
0.1240788184285882
0.12170053901801627
0.12363161014235881
0.1205025748630245
0.1200937807380435
0.12059930967817824
0.11995317252824106
0.12310000553906682
0.12068165304610529
0.11938135860016547
0.12252830444689257
0.12187153832560563
0.12007516214107893
0.11960900664688592
0.12101723942681249
0.1203233098319496
0.12278151911604836
0.1220756729683244
0.11973732611142009
0.11738187366400857
0.11661214130111487
0.11744076323257871
0.11851193244198718
0.12185531199337488
0.1224205428397799
0.12263518387833273
0.11857608741665461
0.11974597776151565
0.11997126532067735
0.12007946307849453
0.11944389545235289
0.12109789288187602
0.11745245447270124
0.11654227936124227
0.12038361786090467
0.11878620429211352
0.11684903143400169
0.11878787856324609
0.1236640668238502
0.11948197644697614
0.1183283392743892
0.11900927866977382
0.11980282340243638
0.11726571556674428
0.11659926970500543
0.11714814800813973
0.12088273851627326
0.11923303666064539
0.11679417806037937
0.11937839277537472
0.11720420931836209
0.11880327527781567
0.11903415570955679
0.11654559388218155
0.11736674346478589
0.11768474712608809
0.1176622375307313
0.1153567826756871
0.11733605474772224
0.11854998735957835
0.12056406169950244
0.11657402215592833
0.1164733786360327
0.11784961375306888
0.11964709482279169
0.12009099805839808
0.11724125055304493
0.11870719092976616
0.11811487825520067
0.11693217161010547
0.11864264466496835
0.1173421458217753
0.11670804625175085
0.11762855332120355
0.116450837757214
0.11548151538135057
0.11696389959339636
0.115452363211886
0.11790115354829524
0.11312653440757688
0.11844127176396818
0.11629902701600488
0.11554453735161259
0.11776175969336407
0.11590610826051378
0.11693030317504723
0.11709772185029754
0.11858409795775471
0.11629490352359163
0.11607518388205264
0.11596813483769636
0.11727007770215173
0.12060314192470298
0.11662987076553953
0.11563780926257732
0.11618387568966453
0.11484371623899563
0.11507910467594502
0.11806910915906171
0.1176247548940311
0.11267399624079825
0.11658974332981799
0.11517055072339184
0.1155186173876366
0.11322999148663268
0.11521323132945831
0.1144658289400928
0.11618317825248442
0.11477740055107209
0.11660569955606058
0.11465721824262516
0.11269907871014383
0.1139337707490447
0.11511323004063354
0.11450300163712847
0.11398835771952767
0.11187803363764143
0.11115148506430259
0.11452621816242316
0.11435412581875382
0.11481434483844113
0.11279743882906006
0.10949399329003799
0.11286763095083725
0.11525514510920248
0.1153645069304719
0.11279803613223226
0.11452816597309458
0.11398888805724051
0.11376674527145293
0.11360720010945596
0.1130868217133614
0.1170925498008728
0.11325910709888103
0.11201440235487668
0.11716723184000297
0.11223594040935297
0.11416331714535334
0.1124559651207493
0.11442740275019622
0.11344464361129036
0.11354206219674592
0.11500938739403184
0.11190397146505764
0.11292634998638947
0.1119847969118371
0.11052252879613135
0.11160040233867714
0.11462928134813366
0.1129435730357486
0.11598866013249001
0.1103914255298764
0.1128810224493584
0.11244712020438838
0.11224813068128493
0.11143569289201713
0.11193362403526363
0.11048076111060309
0.11182062116911612
0.110580127327198
0.11338154778602612
0.1136887410139463
0.11109300229294472
0.11224485004702246
0.11444232918052788
0.11226583388914545
0.11189839751066932
0.11068353451878192
0.11180160293378026
0.11285362724798272
0.11243801831032138
0.1103776641279818
0.11226101071540132
0.11148161557783563
0.1095291819109256
0.11234246903514288
0.10947986961488264
0.1113351199282221
0.11515303808881576
0.11515742560556855
0.11205032063894961
0.11130980245140662
0.11013174950178847
0.1098056312156729
0.11263469660497573
0.10879161121346147
0.11410037625625909
0.1113286316843636
0.10984435437404248
0.11194249969649028
0.11258797818817289
0.11389010749667523
0.11106223310063403
0.1114554467150964
0.11071154876915087
0.1109865040080734
0.10991818789976189
0.11140217317874174
0.11222564078957202
0.10958943937916353
0.10982860921018095
0.10767492564417512
0.11103340074509742
0.11321640930261957
0.11189619083720517
0.11345620401742229
0.11098644034151571
0.11280248843761811
0.11007112228726766
0.10832207331276801
0.11124977110380149
0.11013950950589525
0.11194840179060597
0.11194972038628107
0.11123557141925915
0.1107080656002803
0.11143605801534939
0.11135240114596953
0.1098477539482964
0.1106894182108612
0.11255594654883964
0.10945090644779694
0.10969465986702097
0.11234425784773137
0.1089508039764611
0.11139847986759191
0.1102160081626421
0.10955297906535218
0.1089549883751266
0.10842622421592114
0.10872821249516613
0.10715788800314248
0.1084718219935894
0.11018417030572891
0.10932592675089836
0.10949222115148981
0.10836910977061973
0.10809853246592614
0.10668063677667854
0.11094335098582578
0.11072868687740292
0.1127049606517855
0.10903879219149969
0.10829645954072475
0.10822728087744081
0.10932571238961565
0.11136194762874799
0.10865815145423613
0.10881385566240334
0.10826531182750161
0.11219492837427611
0.11039378859820854
0.10800684752862856
0.10787449579641044
0.10779883164957345
0.1093025694500251
0.10752593194055989
0.1059616385588804
0.11017511145447392
0.10564876590148513
0.11004112503794303
0.10799040584768875
0.10727739053587597
0.10833881499178438
0.10817740821694753
0.10868813061570547
0.10734603446291154
0.10794530512697725
0.10852518547550742
0.10689869040555983
0.1086361710969583
0.10681149356785309
0.1105716388044228
0.10845524656126299
0.10770660623100149
0.10771934564662985
0.10663999116654138
0.1083042303391968
0.10862209003822632
0.10620625819786485
0.10837238097944892
0.10983172469738736
0.10976505972983608
0.10925830626882703
0.10964802791734776
0.10517912658761783
0.11134179111525237
0.10796516626534691
0.10667936618338866
0.10675447378083165
0.10959838564137378
0.1078328013599637
0.10753371431884995
0.10964348651917584
0.1072529332196138
0.10900476920496986
0.10747468516410115
0.10472462398101048
0.1065493505672518
0.105071883783283
0.10585261055503983
0.10765694418405912
0.11084794475281813
0.11055784560291164
0.1066437088940517
0.10696235097136843
0.10769725970205772
0.10972137919750559
0.1088240324822535
0.10709352418780327
0.10908281311662082
0.1104999140398689
0.10521077313067684
0.11124924826155226
0.10886267440236476
0.10680018387824657
0.10867197753255625
0.1067164286028549
0.10630337862544749
0.10986875432981066
0.10890033145446375
0.10605404436229224
0.1080444594284138
0.10430478439273605
0.10755283832101219
0.10758294025997081
0.10954557128071067
0.10955241248460419
0.11139187189828918
0.11065568934273289
0.1080660830779248
0.10756364060812686
0.10907584330044597
0.10619275009326906
0.10773489933954664
0.10617901061672762
0.11010621849402606
0.10819452336753707
0.10786229129656251
0.10501099357673202
0.1070609266409673
0.10761691068848932
0.10514562375035631
0.10822762652154429
0.10825745020824742
0.10725297875343318
0.10525784511343543
0.1077057122735374
0.10804057338959482
0.10394643033933208
0.1073085709239345
0.10662197496697128
0.10506050086703646
0.10875939663095646
0.10425581924437759
0.10691054968769292
0.10473236100501325
0.10750083611851716
0.10419942088514926
0.10690960950072272
0.10579097356243305
0.10497217825108981
0.10569187258201909
0.10767669643623283
0.107407986175224
0.10662499002843018
0.10771827653319721
0.10571991351534085
0.10508674239537802
0.10745723114674349
