42.527365181040764
79.62785424168334
80.35613349319055
81.40435049765773
82.88334053650912
85.0561121808602
84.31349699444924
84.17765580343722
87.85568668032846
87.18829003184399
86.70750394107573
83.96953822182992
85.2530864093243
84.5313593939888
88.5823129321701
86.98973730282928
87.10502410285899
87.48635772965837
89.01054991448729
88.2623198366244
85.2185367852714
85.78929597670263
88.25394936049803
86.06984337036143
86.82394906165594
87.45679562634577
84.8984612222606
87.35403774663055
88.51538301164864
87.99146478646497
87.5739707111388
85.2705359021467
88.84668330390912
86.99853117692298
87.5312739643212
87.73122279651844
87.96895964976709
89.98324463074307
86.06611541046479
86.40223569624933
85.51609388448372
86.56867895848576
85.34910367468207
86.85247104408647
86.66277235224132
87.53374977405876
86.97992858602062
87.78486337132183
88.99647514115384
87.51674881272746
86.88142925009626
87.2371935283902
87.85897877982676
87.81466033740334
87.98294402128202
87.53999801926058
87.81668679134579
87.5544460421693
88.96501707298712
87.42318973507788
88.56834057458875
88.423526477537
87.8821607506022
87.80411926045983
87.57403105317935
87.77509754725557
88.68693964698137
87.26176296467504
88.72863455560828
88.12993226149275
88.15923910699344
88.66033370290786
86.93395007409778
88.40957802820316
89.66457422352583
89.18062298692553
88.46514777712552
87.8560781079814
88.18729954527687
87.07778157302486
87.7714689956357
86.74953389731739
88.88969864860657
87.30054633820438
87.59782146326636
88.36584893154394
88.35661180771706
89.60676404126131
88.37337100234826
89.00954978270954
89.24668124825268
88.08581580987125
88.7239557825549
88.20859679114908
88.06273875559909
88.44990938626137
88.34818752639849
88.3863096171037
88.76137669462753
89.55962055350004
88.62096440782778
89.13033617116986
88.82977751873169
88.51893808373377
88.54066739942711
87.74702008343051
88.19552347207723
87.94289784098474
89.02735605258601
88.8474946647148
89.70970275023208
88.66646543014029
88.29651872981216
87.83650394137368
89.00180872010036
88.85155042477122
88.76724933281149
88.9747065474987
88.79269281392979
89.10454672550168
87.74778886203585
89.45301448035417
88.59282762270435
88.56600606046034
88.99502483280075
88.5483149042964
88.66920997120745
88.10334162454281
87.94352745411545
89.45633181297394
88.72446758307734
88.9752767171269
88.78249072731563
88.78369070411773
87.82783008662841
88.27067484786977
88.66755237887314
88.90431208728296
88.30404792902343
88.23437701037153
89.17891424385506
88.5358269286034
88.95310477801408
88.69825883266523
88.04261451508539
88.65171746180376
88.44224267120919
88.46908150376105
88.48371445996025
88.5504499652908
88.54296467658679
88.44953634543066
88.32310098726876
88.94313456324996
88.62876544835618
88.90568796361778
88.7576949935339
88.72045787214032
88.53851434588968
88.292228533657
89.12708773280441
89.049044961968
88.52230940174088
88.48549685168608
88.9360516977008
88.87523408528146
88.56409854012112
88.6705797487977
88.5008778239426
89.04605452726713
88.68023749974994
88.53291806872102
88.75270246834789
89.05509880512257
88.98254074664491
88.84371940220174
88.85560266464277
