0
42.527365181040764
67.4080151443386
72.38487868071385
73.01827343957554
74.72988342197881
75.77840636559152
76.19827536804154
76.0623037902495
75.96574354178867
76.9000596879899
77.481383948634
76.5263624418019
76.93099922468764
77.41184614513436
77.26781200788811
78.14602256354691
78.40218569064206
78.52490098519385
78.02130664593633
78.21815396546704
78.06653565550951
78.46110875093785
78.69829325046229
78.64080397456772
79.11581090346307
79.2341975416685
78.41135265388615
79.07858401667858
79.27994547412854
79.17947290742427
79.3700327155858
78.58928945823628
79.18123633690074
79.41307730773812
79.26018760222473
79.8675039734001
78.93927994356189
78.65019004412322
79.11292377345006
79.33247733109877
78.96259221150922
79.4862811254349
79.02956482683128
79.59390153057532
79.41609267401124
79.85248982006226
79.74822106851009
79.91353352125459
79.72762612779046
79.79955319037546
79.69408384719203
79.91963443135843
79.92460528004732
79.87877872744382
79.86966558579009
79.81549231271673
79.67891466356694
79.99685997662579
80.14684376795225
80.01352455587141
80.15287764686641
80.09808015066744
80.1470991075669
80.06027046176085
79.99537534141925
80.21225580141342
80.26649530491154
80.1191578818721
80.28337717242468
80.25955557525353
80.2059216117682
79.94525496899124
79.9410593087569
80.24469155000202
79.8202704065023
80.34672593032167
80.15529025113585
80.25705301499639
80.33282016861175
80.03507380734007
80.29701511962315
79.8387260957053
79.90584189473435
80.09804734014611
80.2305114730937
80.2990835462376
80.39578176324507
80.22243274531819
80.37600049683454
80.2519895710784
80.22585961343374
80.31798370037802
80.13026001598067
80.30540153818153
80.25003872022138
80.20690300379756
80.37450329724159
80.30013260333419
80.29272217928008
79.76605490379754
80.1056011467898
79.94064371292158
80.07433420796326
80.28308615023556
80.33589784172916
80.25903405426155
80.42250179296894
80.26772361638581
80.3364788843151
80.15372897981139
80.16091987636653
80.51095594133673
80.35668070979717
80.44867167648823
80.21091032646535
80.29648094338427
80.3883102374788
80.44306577923798
80.31368254257953
80.22963734047562
80.33393114994857
80.12748945097513
80.4310966856718
80.25182487203861
80.32231292241782
80.2987882187513
80.3917031427716
80.18845994968315
80.22457980044948
79.86253960063519
80.14606296088196
80.45142133166084
80.24844161508695
80.17222276841107
80.31270159234418
80.16929708080598
80.34667625387075
80.11017282779567
80.4347114900486
80.45890209725157
80.38546894838801
80.37348652321575
80.42298346291761
80.20061742701527
80.23277593107214
80.290455100215
80.30085950221361
80.16911777966797
80.14755576487147
80.26973341796126
80.38032081579341
80.33787090637965
80.47092590829664
80.27900851003184
80.2589982257499
80.23428739187734
80.2766141616878
80.32153076239726
80.44048740156883
80.32370145182026
80.35518041701931
80.31314381862795
80.34384612007895
80.32493909336647
80.28011360756486
80.30600745522949
80.42110004453714
80.2649652876998
80.30626633955407
80.29781412457433
80.34903807697359
80.35838735253068
80.28568174284183
80.31098020431011
80.29837906000479
80.30415799416888
80.24462193809572
