50.0
77.71598344063142
86.376261875744
85.71193703844138
86.63534484209579
85.5521707632261
87.16546245424264
87.12052220429028
83.32588370850304
85.07270480190343
86.33765822645434
88.27356407551062
87.14301387037881
89.00183100739454
84.42962004929133
87.00484575575584
87.25363100276557
87.03525619756714
85.04844500104642
85.89981012289678
89.09881555113427
88.9422072956657
86.54189798559935
88.85306621057431
88.63638504944392
88.07973004178021
90.24574954173804
87.96637725410929
87.07877473845218
87.44372852487913
88.14808847202464
89.94624122907759
86.65273441993033
88.87835157081012
88.03596247553635
88.69497819984953
87.13467262716537
85.10676534276624
89.63810594133994
89.52662994599106
90.2188628503211
89.54815210914097
90.61929689197834
89.3429204661211
89.30996079177434
88.89948324925746
89.41988319757003
88.70154097524521
87.23204762006519
88.8408847712479
89.46274255658892
89.3587290093922
88.63489441862463
88.61793917606322
88.42076499197245
88.83744097423879
88.32817399594286
89.089597982605
87.8129452595499
89.27218101462297
88.20699819345458
88.27850969468795
88.93091904649438
88.8931953323926
89.06424444676647
89.14923330539261
88.2433545589953
89.63457057614296
88.22481016941663
88.81647935157847
88.708143612482
87.83409207397146
89.78357421768004
88.49631138527104
86.7774985762066
87.87523909394034
88.31496121818884
89.12105781927464
88.85800344941232
89.74159335462136
89.27849082072233
89.86943790820847
87.56390875212495
89.55287428195568
89.38675293543152
88.61817390253884
88.76370031908326
87.33338980165364
88.71800604367517
87.91048760364649
87.65628321895645
88.94890717728425
88.02200264164374
88.79576467019508
88.87702418469752
88.40199862146467
88.74279125135773
88.5980395543937
88.20504937259763
86.79596385275526
88.0899328781541
87.38975874460124
87.84458798491298
88.43628500410388
88.48687333629783
89.2511504981097
88.97684686666025
89.03716677853686
88.00584075725736
87.9338944040156
87.16785115997266
88.59875402022908
88.77315844714961
89.42582577043352
87.86328522702324
88.12162093557693
88.32892866393041
88.19867242431376
88.2025134107499
87.79186971881902
89.36119139212425
87.3454683685876
88.56455086488052
88.34508862952595
88.01780565679572
88.42779591388515
88.43220604832285
88.74419237899404
88.97386519187519
87.00459615501569
88.04286069090688
88.20931379616603
88.12435987925605
88.02038632861753
89.2354963783336
88.53693431889343
88.3722475319062
87.82153037650883
88.87530670927505
88.98588931938384
87.92780712533971
88.54385280654711
88.19273152681096
88.14254699332037
88.87459018980466
88.31133925472427
88.54038362558072
88.33003021376098
88.28533394399095
88.38557646645006
88.5459197086697
88.58426679649865
88.90585644658574
88.00969015096132
88.29143194247735
87.9858421895062
88.18686352479166
88.28481807995504
88.63390238383873
88.73123970004885
87.93638429868909
87.95428025874455
88.51682069858397
88.5287888321695
88.01795903080567
88.11138352464542
88.58044843630643
88.25761598316477
88.48696571622558
87.9367786191419
88.36267750131397
88.52596851322134
88.20408513525422
87.94568895161238
87.99783907783532
88.13959529380344
88.04797417898678
